------------------------
ㅣ Ada boost SVM Result ㅣ
------------------------
<score>
0.9391304347826086

<<<rate of fail matches>>>
target =  [1 0 0 1 1 0 0 0 1 1 1 0 1 0 1 0 1 1 1 0 0 1 0 1 1 1 1 1 1 0 1 1 1 1 1 1 0
 1 0 1 1 0 1 1 1 1 1 1 1 1 0 0 1 1 1 1 1 0 0 1 1 0 0 1 1 1 0 0 1 1 0 0 1 0
 1 1 1 0 1 1 0 1 0 0 0 0 0 0 1 1 1 1 1 1 1 1 0 0 1 0 0 1 0 0 1 1 1 0 1 1 0
 1 1 0]
number of estimater
         1 :  0.03508771929824561
        10 :  5.263157894736842
        20 :  9.649122807017543
        40 :  8.771929824561402
<<<Accuracy>>>
         1  :  0.9649122807017544
        10  :  0.9473684210526315
        20  :  0.9035087719298246
        40  :  0.9122807017543859
process finished

Process finished with exit code 0

------------------------
ㅣ Ada boost ANN Result ㅣ
------------------------
<score>
0.9379446640316205

<<<rate of fail matches>>>
target =  [1 0 0 1 1 0 0 0 1 1 1 0 1 0 1 0 1 1 1 0 0 1 0 1 1 1 1 1 1 0 1 1 1 1 1 1 0
 1 0 1 1 0 1 1 1 1 1 1 1 1 0 0 1 1 1 1 1 0 0 1 1 0 0 1 1 1 0 0 1 1 0 0 1 0
 1 1 1 0 1 1 0 1 0 0 0 0 0 0 1 1 1 1 1 1 1 1 0 0 1 0 0 1 0 0 1 1 1 0 1 1 0
 1 1 0]
number of estimater
         1 :  0.10526315789473684
        10 :  1.7543859649122806
        20 :  3.508771929824561
        40 :  3.508771929824561
<<<Accuracy>>>
         1  :  0.8947368421052632
        10  :  0.9824561403508771
        20  :  0.9649122807017544
        40  :  0.9649122807017544
process finished

Process finished with exit code 0

