[1.         0.83333333 1.         1.         1.         0.83333333
 1.         1.         1.         1.         0.83333333 1.
 1.         1.         1.         0.8        1.         1.
 0.8        0.8       ]
0.9450000000000001
0.0845083822272481
[0.66666667 1.         1.         1.         1.         0.83333333
 1.         1.         1.         0.66666667 0.83333333 1.
 1.         0.8        1.         0.8        0.6        1.
 1.         0.8       ]
0.9
0.13374935098492588
[1.         0.83333333 1.         1.         1.         0.83333333
 1.         1.         1.         1.         0.83333333 1.
 1.         1.         1.         1.         0.8        1.
 0.8        1.        ]
0.9550000000000001
0.07836878630339164
[0 1 1 0 2 1 2 0 0 2 1 0 2 1 1 0 1 1 0 0 1 1 2 0 2 1 0 0 1 2 1 2 1 2 2 0 1
 0]
[0 1 1 0 1 2 2 0 0 2 1 0 2 2 1 0 1 1 0 0 1 1 2 0 2 1 0 0 1 2 1 2 1 2 2 0 1
 0]
[0 1 1 0 2 1 2 0 0 2 1 0 2 1 1 0 1 1 0 0 1 1 2 0 2 1 0 0 1 2 1 2 1 2 2 0 1
 0]
0.9736842105263158
0.8947368421052632
0.9736842105263158
[[13  0  0]
 [ 0 15  1]
 [ 0  0  9]]
[[13  0  0]
 [ 0 13  3]
 [ 0  1  8]]
[[13  0  0]
 [ 0 15  1]
 [ 0  0  9]]
---- linear ----
              precision    recall  f1-score   support

           0       1.00      1.00      1.00        13
           1       1.00      0.94      0.97        16
           2       0.90      1.00      0.95         9

    accuracy                           0.97        38
   macro avg       0.97      0.98      0.97        38
weighted avg       0.98      0.97      0.97        38

---- sigmoid ----
              precision    recall  f1-score   support

           0       1.00      1.00      1.00        13
           1       0.93      0.81      0.87        16
           2       0.73      0.89      0.80         9

    accuracy                           0.89        38
   macro avg       0.89      0.90      0.89        38
weighted avg       0.91      0.89      0.90        38

---- rbf ----
              precision    recall  f1-score   support

           0       1.00      1.00      1.00        13
           1       1.00      0.94      0.97        16
           2       0.90      1.00      0.95         9

    accuracy                           0.97        38
   macro avg       0.97      0.98      0.97        38
weighted avg       0.98      0.97      0.97        38


Process finished with exit code 0

